-5.796231098048441055e-01
-5.815066155756491995e-01
-5.802509450617794329e-01
-5.796231098048441055e-01
-5.796231098048441055e-01
-5.783674392909743389e-01
-5.789952745479096663e-01
-5.808787803187147603e-01
-5.815066155756491995e-01
-5.840179566033896208e-01
-5.846457918603240600e-01
-5.859014623741938266e-01
-5.852736271172593874e-01
-5.865292976311291540e-01
-5.833901213464542934e-01
-5.833901213464542934e-01
-5.808787803187147603e-01
-5.796231098048441055e-01
-5.802509450617794329e-01
-5.808787803187147603e-01
-5.808787803187147603e-01
-5.821344508325845268e-01
-5.815066155756491995e-01
-5.796231098048441055e-01
-5.827622860895189660e-01
-5.821344508325845268e-01
-5.821344508325845268e-01
-5.833901213464542934e-01
-5.808787803187147603e-01
-5.840179566033896208e-01
-5.840179566033896208e-01
-5.840179566033896208e-01
-5.846457918603240600e-01
-5.833901213464542934e-01
-5.846457918603240600e-01
-5.852736271172593874e-01
-5.840179566033896208e-01
-5.833901213464542934e-01
-5.808787803187147603e-01
-5.827622860895189660e-01
-5.796231098048441055e-01
-5.815066155756491995e-01
-5.815066155756491995e-01
-5.815066155756491995e-01
-5.827622860895189660e-01
-5.821344508325845268e-01
-5.840179566033896208e-01
-5.827622860895189660e-01
-5.833901213464542934e-01
-5.833901213464542934e-01
-5.865292976311291540e-01
-5.852736271172593874e-01
-5.859014623741938266e-01
-5.852736271172593874e-01
-5.859014623741938266e-01
-5.852736271172593874e-01
-5.846457918603240600e-01
-5.865292976311291540e-01
-5.833901213464542934e-01
-5.833901213464542934e-01
-5.808787803187147603e-01
-5.808787803187147603e-01
-5.821344508325845268e-01
-5.808787803187147603e-01
-5.833901213464542934e-01
-5.833901213464542934e-01
-5.833901213464542934e-01
-5.852736271172593874e-01
-5.877849681449989205e-01
-5.833901213464542934e-01
-5.859014623741938266e-01
-5.846457918603240600e-01
-5.846457918603240600e-01
-5.871571328880635932e-01
-5.865292976311291540e-01
-5.859014623741938266e-01
-5.840179566033896208e-01
-5.846457918603240600e-01
-5.840179566033896208e-01
-5.846457918603240600e-01
-5.859014623741938266e-01
-5.833901213464542934e-01
-5.827622860895189660e-01
-5.840179566033896208e-01
-5.821344508325845268e-01
-5.827622860895189660e-01
-5.840179566033896208e-01
-5.840179566033896208e-01
-5.846457918603240600e-01
-5.884128034019342479e-01
-5.884128034019342479e-01
-5.871571328880635932e-01
-5.877849681449989205e-01
-5.877849681449989205e-01
-5.846457918603240600e-01
-5.865292976311291540e-01
-5.840179566033896208e-01
-5.859014623741938266e-01
-5.840179566033896208e-01
-5.865292976311291540e-01
-5.859014623741938266e-01
-5.833901213464542934e-01
-5.852736271172593874e-01
-5.827622860895189660e-01
-5.827622860895189660e-01
-5.846457918603240600e-01
-5.865292976311291540e-01
-5.840179566033896208e-01
-5.859014623741938266e-01
-5.884128034019342479e-01
-5.884128034019342479e-01
-5.896684739158040145e-01
-5.884128034019342479e-01
-5.871571328880635932e-01
-5.877849681449989205e-01
-5.859014623741938266e-01
-5.859014623741938266e-01
-5.871571328880635932e-01
-5.846457918603240600e-01
-5.846457918603240600e-01
-5.871571328880635932e-01
-5.871571328880635932e-01
-5.846457918603240600e-01
-5.846457918603240600e-01
-5.852736271172593874e-01
-5.852736271172593874e-01
-5.846457918603240600e-01
-5.859014623741938266e-01
-5.865292976311291540e-01
-5.890406386588686871e-01
-5.902963091727384537e-01
-5.896684739158040145e-01
-5.902963091727384537e-01
-5.890406386588686871e-01
-5.890406386588686871e-01
-5.884128034019342479e-01
-5.840179566033896208e-01
-5.852736271172593874e-01
-5.840179566033896208e-01
-5.871571328880635932e-01
-5.859014623741938266e-01
-5.877849681449989205e-01
-5.884128034019342479e-01
-5.877849681449989205e-01
-5.859014623741938266e-01
-5.846457918603240600e-01
-5.852736271172593874e-01
-5.859014623741938266e-01
-5.859014623741938266e-01
-5.859014623741938266e-01
-5.890406386588686871e-01
-5.909241444296737811e-01
-5.902963091727384537e-01
-5.921798149435435477e-01
-5.909241444296737811e-01
-5.896684739158040145e-01
-5.865292976311291540e-01
-5.884128034019342479e-01
-5.877849681449989205e-01
-5.852736271172593874e-01
-5.840179566033896208e-01
-5.859014623741938266e-01
-5.859014623741938266e-01
-5.865292976311291540e-01
-5.871571328880635932e-01
-5.877849681449989205e-01
-5.884128034019342479e-01
-5.884128034019342479e-01
-5.902963091727384537e-01
-5.890406386588686871e-01
-5.896684739158040145e-01
-5.909241444296737811e-01
-5.896684739158040145e-01
-5.896684739158040145e-01
-5.896684739158040145e-01
-5.915519796866091085e-01
-5.902963091727384537e-01
-5.884128034019342479e-01
-5.884128034019342479e-01
-5.877849681449989205e-01
-5.871571328880635932e-01
-5.877849681449989205e-01
-5.865292976311291540e-01
-5.871571328880635932e-01
-5.877849681449989205e-01
-5.890406386588686871e-01
-5.884128034019342479e-01
-5.890406386588686871e-01
-5.890406386588686871e-01
-5.909241444296737811e-01
-5.928076502004788750e-01
-5.890406386588686871e-01
-5.902963091727384537e-01
-5.921798149435435477e-01
-5.909241444296737811e-01
-5.909241444296737811e-01
-5.902963091727384537e-01
-5.909241444296737811e-01
-5.877849681449989205e-01
-5.884128034019342479e-01
-5.884128034019342479e-01
-5.884128034019342479e-01
-5.877849681449989205e-01
-5.877849681449989205e-01
-5.871571328880635932e-01
-5.890406386588686871e-01
-5.884128034019342479e-01
-5.890406386588686871e-01
-5.909241444296737811e-01
-5.921798149435435477e-01
-5.928076502004788750e-01
-5.902963091727384537e-01
-5.921798149435435477e-01
-5.921798149435435477e-01
-5.902963091727384537e-01
-5.896684739158040145e-01
-5.896684739158040145e-01
-5.890406386588686871e-01
-5.890406386588686871e-01
-5.909241444296737811e-01
-5.896684739158040145e-01
-5.896684739158040145e-01
-5.884128034019342479e-01
-5.902963091727384537e-01
-5.902963091727384537e-01
-5.884128034019342479e-01
-5.871571328880635932e-01
-5.896684739158040145e-01
-5.915519796866091085e-01
-5.902963091727384537e-01
-5.909241444296737811e-01
-5.946911559712830808e-01
-5.934354854574133142e-01
-5.928076502004788750e-01
-5.934354854574133142e-01
-5.934354854574133142e-01
-5.909241444296737811e-01
-5.915519796866091085e-01
-5.890406386588686871e-01
-5.896684739158040145e-01
-5.909241444296737811e-01
-5.902963091727384537e-01
-5.896684739158040145e-01
-5.909241444296737811e-01
-5.909241444296737811e-01
-5.902963091727384537e-01
-5.896684739158040145e-01
-5.909241444296737811e-01
-5.909241444296737811e-01
-5.902963091727384537e-01
-5.934354854574133142e-01
-5.940633207143486416e-01
-5.959468264851537356e-01
-5.946911559712830808e-01
-5.934354854574133142e-01
-5.940633207143486416e-01
-5.909241444296737811e-01
-5.896684739158040145e-01
-5.896684739158040145e-01
-5.921798149435435477e-01
-5.915519796866091085e-01
-5.902963091727384537e-01
-5.921798149435435477e-01
-5.934354854574133142e-01
-5.902963091727384537e-01
-5.915519796866091085e-01
-5.915519796866091085e-01
-5.909241444296737811e-01
-5.902963091727384537e-01
-5.921798149435435477e-01
-5.928076502004788750e-01
-5.940633207143486416e-01
-5.959468264851537356e-01
-5.940633207143486416e-01
-5.940633207143486416e-01
-5.928076502004788750e-01
-5.915519796866091085e-01
-5.884128034019342479e-01
-5.909241444296737811e-01
-5.928076502004788750e-01
-5.934354854574133142e-01
-5.934354854574133142e-01
-5.915519796866091085e-01
-5.902963091727384537e-01
-5.890406386588686871e-01
-5.890406386588686871e-01
-5.921798149435435477e-01
-5.915519796866091085e-01
-5.934354854574133142e-01
-5.959468264851537356e-01
-5.940633207143486416e-01
-5.959468264851537356e-01
-5.959468264851537356e-01
-5.946911559712830808e-01
-5.934354854574133142e-01
-5.940633207143486416e-01
-5.928076502004788750e-01
-5.946911559712830808e-01
-5.928076502004788750e-01
-5.909241444296737811e-01
-5.909241444296737811e-01
-5.934354854574133142e-01
-5.915519796866091085e-01
-5.921798149435435477e-01
-5.928076502004788750e-01
-5.940633207143486416e-01
-5.946911559712830808e-01
-5.934354854574133142e-01
-5.934354854574133142e-01
-5.940633207143486416e-01
-5.940633207143486416e-01
-5.959468264851537356e-01
-5.965746617420881748e-01
-5.972024969990235022e-01
-5.978303322559579414e-01
-5.953189912282184082e-01
-5.934354854574133142e-01
-5.928076502004788750e-01
-5.909241444296737811e-01
-5.934354854574133142e-01
-5.940633207143486416e-01
-5.921798149435435477e-01
-5.959468264851537356e-01
-5.953189912282184082e-01
-5.928076502004788750e-01
-5.940633207143486416e-01
-5.915519796866091085e-01
-5.928076502004788750e-01
-5.953189912282184082e-01
-5.959468264851537356e-01
-5.978303322559579414e-01
-5.990860027698285961e-01
-5.959468264851537356e-01
-5.953189912282184082e-01
-5.953189912282184082e-01
-5.959468264851537356e-01
-5.953189912282184082e-01
-5.946911559712830808e-01
-5.965746617420881748e-01
-5.934354854574133142e-01
-5.959468264851537356e-01
-5.946911559712830808e-01
-5.928076502004788750e-01
-5.928076502004788750e-01
-5.946911559712830808e-01
-5.934354854574133142e-01
-5.946911559712830808e-01
-5.946911559712830808e-01
-5.972024969990235022e-01
-5.965746617420881748e-01
-5.984581675128932687e-01
-5.990860027698285961e-01
-5.978303322559579414e-01
-5.984581675128932687e-01
-5.972024969990235022e-01
-5.965746617420881748e-01
-5.965746617420881748e-01
-5.965746617420881748e-01
-5.934354854574133142e-01
-5.940633207143486416e-01
-5.940633207143486416e-01
-5.934354854574133142e-01
-5.940633207143486416e-01
-5.940633207143486416e-01
-5.953189912282184082e-01
-5.978303322559579414e-01
-5.959468264851537356e-01
-5.946911559712830808e-01
-5.978303322559579414e-01
-5.984581675128932687e-01
-5.965746617420881748e-01
-5.984581675128932687e-01
-5.984581675128932687e-01
-6.003416732836983627e-01
-5.984581675128932687e-01
-5.978303322559579414e-01
-5.953189912282184082e-01
-5.946911559712830808e-01
-5.934354854574133142e-01
-5.934354854574133142e-01
-5.946911559712830808e-01
-5.972024969990235022e-01
-5.959468264851537356e-01
-5.946911559712830808e-01
-5.972024969990235022e-01
-5.978303322559579414e-01
-5.972024969990235022e-01
-5.959468264851537356e-01
-5.953189912282184082e-01
-5.984581675128932687e-01
-5.990860027698285961e-01
-5.984581675128932687e-01
-5.990860027698285961e-01
-6.003416732836983627e-01
-6.003416732836983627e-01
-5.978303322559579414e-01
-5.984581675128932687e-01
-5.997138380267630353e-01
-5.965746617420881748e-01
-5.959468264851537356e-01
-5.940633207143486416e-01
-5.953189912282184082e-01
-5.965746617420881748e-01
-5.965746617420881748e-01
-5.972024969990235022e-01
-5.959468264851537356e-01
-5.965746617420881748e-01
-5.997138380267630353e-01
-5.990860027698285961e-01
-6.003416732836983627e-01
-5.997138380267630353e-01
-6.009695085406328019e-01
-5.997138380267630353e-01
-5.984581675128932687e-01
-5.997138380267630353e-01
-5.997138380267630353e-01
-5.990860027698285961e-01
-5.984581675128932687e-01
-5.990860027698285961e-01
-5.990860027698285961e-01
-5.972024969990235022e-01
-5.972024969990235022e-01
-5.978303322559579414e-01
-5.978303322559579414e-01
-5.965746617420881748e-01
-5.965746617420881748e-01
-5.972024969990235022e-01
-5.959468264851537356e-01
-5.984581675128932687e-01
-6.003416732836983627e-01
-6.015973437975681293e-01
-6.009695085406328019e-01
-6.015973437975681293e-01
-6.028530143114378959e-01
-6.015973437975681293e-01
-6.009695085406328019e-01
-5.984581675128932687e-01
-5.959468264851537356e-01
-5.959468264851537356e-01
-5.959468264851537356e-01
-5.984581675128932687e-01
-5.984581675128932687e-01
-5.972024969990235022e-01
-5.990860027698285961e-01
-6.003416732836983627e-01
-5.984581675128932687e-01
-5.990860027698285961e-01
-5.972024969990235022e-01
-6.009695085406328019e-01
-5.984581675128932687e-01
-6.009695085406328019e-01
-6.015973437975681293e-01
-6.034808495683732232e-01
-6.034808495683732232e-01
-6.015973437975681293e-01
-6.009695085406328019e-01
-5.990860027698285961e-01
-5.984581675128932687e-01
-5.972024969990235022e-01
-5.984581675128932687e-01
-5.984581675128932687e-01
-5.997138380267630353e-01
-5.984581675128932687e-01
-5.997138380267630353e-01
-6.028530143114378959e-01
-5.997138380267630353e-01
-5.990860027698285961e-01
-5.990860027698285961e-01
-5.990860027698285961e-01
-6.003416732836983627e-01
-6.022251790545025685e-01
-6.028530143114378959e-01
-6.028530143114378959e-01
-6.015973437975681293e-01
-6.022251790545025685e-01
-6.034808495683732232e-01
-6.009695085406328019e-01
-5.990860027698285961e-01
-5.990860027698285961e-01
-5.984581675128932687e-01
-5.990860027698285961e-01
-6.009695085406328019e-01
-6.003416732836983627e-01
-5.990860027698285961e-01
-5.997138380267630353e-01
-5.990860027698285961e-01
-5.997138380267630353e-01
-5.984581675128932687e-01
-5.997138380267630353e-01
-6.022251790545025685e-01
-6.028530143114378959e-01
-6.034808495683732232e-01
-6.034808495683732232e-01
-6.034808495683732232e-01
-6.028530143114378959e-01
-6.009695085406328019e-01
-5.984581675128932687e-01
-5.990860027698285961e-01
-6.003416732836983627e-01
-6.003416732836983627e-01
-6.009695085406328019e-01
-6.028530143114378959e-01
-6.003416732836983627e-01
-6.022251790545025685e-01
-6.003416732836983627e-01
-6.009695085406328019e-01
-5.997138380267630353e-01
-5.997138380267630353e-01
-6.022251790545025685e-01
-6.028530143114378959e-01
-6.041086848253076624e-01
-6.053643553391774290e-01
-6.053643553391774290e-01
-6.041086848253076624e-01
-6.034808495683732232e-01
-6.034808495683732232e-01
-6.015973437975681293e-01
-5.997138380267630353e-01
-5.984581675128932687e-01
-5.997138380267630353e-01
-5.997138380267630353e-01
-5.984581675128932687e-01
-6.009695085406328019e-01
-6.003416732836983627e-01
-6.022251790545025685e-01
-6.015973437975681293e-01
-6.003416732836983627e-01
-6.034808495683732232e-01
-6.034808495683732232e-01
-6.053643553391774290e-01
-6.034808495683732232e-01
-6.047365200822429898e-01
-6.041086848253076624e-01
-6.041086848253076624e-01
-6.022251790545025685e-01
-6.015973437975681293e-01
-6.009695085406328019e-01
-6.009695085406328019e-01
-6.009695085406328019e-01
-6.015973437975681293e-01
-6.034808495683732232e-01
-6.022251790545025685e-01
-6.022251790545025685e-01
-6.034808495683732232e-01
-6.028530143114378959e-01
-6.028530143114378959e-01
-6.034808495683732232e-01
-6.015973437975681293e-01
-6.015973437975681293e-01
-6.047365200822429898e-01
-6.047365200822429898e-01
-6.072478611099825230e-01
-6.059921905961127564e-01
-6.078756963669178504e-01
-6.053643553391774290e-01
-6.053643553391774290e-01
-6.041086848253076624e-01
-6.022251790545025685e-01
-6.041086848253076624e-01
-6.022251790545025685e-01
-6.009695085406328019e-01
-6.009695085406328019e-01
-6.041086848253076624e-01
-6.028530143114378959e-01
-6.034808495683732232e-01
-6.053643553391774290e-01
-6.034808495683732232e-01
-6.047365200822429898e-01
-6.041086848253076624e-01
-6.059921905961127564e-01
-6.034808495683732232e-01
-6.059921905961127564e-01
-6.072478611099825230e-01
-6.066200258530480838e-01
-6.041086848253076624e-01
-6.085035316238522896e-01
-6.053643553391774290e-01
-6.034808495683732232e-01
-6.034808495683732232e-01
-6.028530143114378959e-01
-6.041086848253076624e-01
-6.034808495683732232e-01
-6.041086848253076624e-01
-6.034808495683732232e-01
-6.059921905961127564e-01
-6.059921905961127564e-01
-6.059921905961127564e-01
-6.072478611099825230e-01
-6.053643553391774290e-01
-6.066200258530480838e-01
-6.041086848253076624e-01
-6.059921905961127564e-01
-6.066200258530480838e-01
-6.078756963669178504e-01
-6.059921905961127564e-01
-6.072478611099825230e-01
-6.059921905961127564e-01
-6.041086848253076624e-01
-6.041086848253076624e-01
-6.041086848253076624e-01
-6.047365200822429898e-01
-6.034808495683732232e-01
-6.047365200822429898e-01
-6.047365200822429898e-01
-6.041086848253076624e-01
-6.066200258530480838e-01
-6.072478611099825230e-01
-6.059921905961127564e-01
-6.059921905961127564e-01
-6.078756963669178504e-01
-6.059921905961127564e-01
-6.091313668807876169e-01
-6.091313668807876169e-01
-6.097592021377220561e-01
-6.085035316238522896e-01
-6.059921905961127564e-01
-6.059921905961127564e-01
-6.034808495683732232e-01
-6.047365200822429898e-01
-6.059921905961127564e-01
-6.059921905961127564e-01
-6.053643553391774290e-01
-6.085035316238522896e-01
-6.066200258530480838e-01
-6.059921905961127564e-01
-6.059921905961127564e-01
-6.053643553391774290e-01
-6.034808495683732232e-01
-6.078756963669178504e-01
-6.091313668807876169e-01
-6.085035316238522896e-01
-6.091313668807876169e-01
-6.110148726515927109e-01
-6.085035316238522896e-01
-6.078756963669178504e-01
-6.066200258530480838e-01
-6.053643553391774290e-01
-6.047365200822429898e-01
-6.059921905961127564e-01
-6.066200258530480838e-01
-6.059921905961127564e-01
-6.053643553391774290e-01
-6.078756963669178504e-01
-6.072478611099825230e-01
-6.078756963669178504e-01
-6.066200258530480838e-01
-6.059921905961127564e-01
-6.041086848253076624e-01
-6.085035316238522896e-01
-6.097592021377220561e-01
-6.103870373946573835e-01
-6.097592021377220561e-01
-6.103870373946573835e-01
-6.097592021377220561e-01
-6.078756963669178504e-01
-6.085035316238522896e-01
-6.091313668807876169e-01
-6.078756963669178504e-01
-6.066200258530480838e-01
-6.059921905961127564e-01
-6.053643553391774290e-01
-6.053643553391774290e-01
-6.059921905961127564e-01
-6.078756963669178504e-01
-6.085035316238522896e-01
-6.091313668807876169e-01
-6.078756963669178504e-01
-6.085035316238522896e-01
-6.097592021377220561e-01
-6.085035316238522896e-01
-6.091313668807876169e-01
-6.091313668807876169e-01
-6.110148726515927109e-01
-6.110148726515927109e-01
-6.097592021377220561e-01
-6.097592021377220561e-01
-6.103870373946573835e-01
-6.097592021377220561e-01
-6.078756963669178504e-01
-6.078756963669178504e-01
-6.078756963669178504e-01
-6.059921905961127564e-01
-6.066200258530480838e-01
-6.066200258530480838e-01
-6.059921905961127564e-01
-6.072478611099825230e-01
-6.085035316238522896e-01
-6.103870373946573835e-01
-6.141540489362675714e-01
-6.103870373946573835e-01
-6.122705431654624775e-01
-6.116427079085271501e-01
-6.103870373946573835e-01
-6.110148726515927109e-01
-6.085035316238522896e-01
-6.097592021377220561e-01
-6.085035316238522896e-01
-6.097592021377220561e-01
-6.097592021377220561e-01
-6.097592021377220561e-01
-6.103870373946573835e-01
-6.091313668807876169e-01
-6.097592021377220561e-01
-6.085035316238522896e-01
-6.085035316238522896e-01
-6.085035316238522896e-01
-6.091313668807876169e-01
-6.085035316238522896e-01
-6.091313668807876169e-01
-6.116427079085271501e-01
-6.122705431654624775e-01
-6.110148726515927109e-01
-6.110148726515927109e-01
-6.135262136793322441e-01
-6.135262136793322441e-01
-6.110148726515927109e-01
-6.097592021377220561e-01
-6.066200258530480838e-01
-6.085035316238522896e-01
-6.078756963669178504e-01
-6.091313668807876169e-01
-6.097592021377220561e-01
-6.097592021377220561e-01
-6.097592021377220561e-01
-6.091313668807876169e-01
-6.085035316238522896e-01
-6.103870373946573835e-01
-6.085035316238522896e-01
-6.091313668807876169e-01
-6.135262136793322441e-01
-6.128983784223969167e-01
-6.128983784223969167e-01
-6.141540489362675714e-01
-6.147818841932020106e-01
-6.141540489362675714e-01
-6.110148726515927109e-01
-6.103870373946573835e-01
-6.097592021377220561e-01
-6.097592021377220561e-01
-6.091313668807876169e-01
-6.078756963669178504e-01
-6.085035316238522896e-01
-6.110148726515927109e-01
-6.116427079085271501e-01
-6.097592021377220561e-01
-6.097592021377220561e-01
-6.103870373946573835e-01
-6.116427079085271501e-01
-6.122705431654624775e-01
-6.147818841932020106e-01
-6.141540489362675714e-01
-6.160375547070717772e-01
-6.141540489362675714e-01
-6.147818841932020106e-01
-6.122705431654624775e-01
-6.122705431654624775e-01
-6.097592021377220561e-01
-6.103870373946573835e-01
-6.097592021377220561e-01
-6.110148726515927109e-01
-6.091313668807876169e-01
-6.091313668807876169e-01
-6.110148726515927109e-01
-6.110148726515927109e-01
-6.103870373946573835e-01
-6.135262136793322441e-01
-6.116427079085271501e-01
-6.141540489362675714e-01
-6.128983784223969167e-01
-6.141540489362675714e-01
-6.147818841932020106e-01
-6.141540489362675714e-01
-6.141540489362675714e-01
-6.135262136793322441e-01
-6.128983784223969167e-01
-6.135262136793322441e-01
-6.122705431654624775e-01
-6.128983784223969167e-01
-6.116427079085271501e-01
-6.128983784223969167e-01
-6.122705431654624775e-01
-6.128983784223969167e-01
-6.122705431654624775e-01
-6.103870373946573835e-01
-6.110148726515927109e-01
-6.128983784223969167e-01
-6.116427079085271501e-01
-6.128983784223969167e-01
-6.141540489362675714e-01
-6.154097194501373380e-01
-6.166653899640071046e-01
-6.179210604778768712e-01
-6.166653899640071046e-01
-6.147818841932020106e-01
-6.128983784223969167e-01
-6.135262136793322441e-01
-6.116427079085271501e-01
-6.110148726515927109e-01
-6.116427079085271501e-01
-6.122705431654624775e-01
-6.141540489362675714e-01
-6.122705431654624775e-01
-6.135262136793322441e-01
-6.141540489362675714e-01
-6.154097194501373380e-01
-6.141540489362675714e-01
-6.128983784223969167e-01
-6.147818841932020106e-01
-6.147818841932020106e-01
-6.141540489362675714e-01
-6.160375547070717772e-01
-6.160375547070717772e-01
-6.179210604778768712e-01
-6.160375547070717772e-01
-6.160375547070717772e-01
-6.141540489362675714e-01
-6.135262136793322441e-01
-6.141540489362675714e-01
-6.141540489362675714e-01
-6.135262136793322441e-01
-6.110148726515927109e-01
-6.128983784223969167e-01
-6.135262136793322441e-01
-6.141540489362675714e-01
-6.141540489362675714e-01
-6.154097194501373380e-01
-6.135262136793322441e-01
-6.154097194501373380e-01
-6.154097194501373380e-01
-6.147818841932020106e-01
-6.166653899640071046e-01
-6.172932252209415438e-01
-6.166653899640071046e-01
-6.185488957348121986e-01
-6.172932252209415438e-01
-6.179210604778768712e-01
-6.154097194501373380e-01
-6.141540489362675714e-01
-6.135262136793322441e-01
-6.128983784223969167e-01
-6.128983784223969167e-01
-6.135262136793322441e-01
-6.147818841932020106e-01
-6.147818841932020106e-01
-6.147818841932020106e-01
-6.154097194501373380e-01
-6.141540489362675714e-01
-6.160375547070717772e-01
-6.160375547070717772e-01
-6.166653899640071046e-01
-6.154097194501373380e-01
-6.166653899640071046e-01
-6.191767309917466378e-01
-6.185488957348121986e-01
-6.191767309917466378e-01
-6.179210604778768712e-01
-6.166653899640071046e-01
-6.141540489362675714e-01
-6.147818841932020106e-01
-6.141540489362675714e-01
-6.135262136793322441e-01
-6.135262136793322441e-01
-6.128983784223969167e-01
-6.147818841932020106e-01
-6.141540489362675714e-01
-6.147818841932020106e-01
-6.141540489362675714e-01
-6.185488957348121986e-01
-6.191767309917466378e-01
-6.172932252209415438e-01
-6.191767309917466378e-01
-6.204324015056164043e-01
-6.185488957348121986e-01
-6.166653899640071046e-01
-6.185488957348121986e-01
-6.191767309917466378e-01
-6.160375547070717772e-01
-6.185488957348121986e-01
-6.172932252209415438e-01
-6.185488957348121986e-01
-6.147818841932020106e-01
-6.166653899640071046e-01
-6.154097194501373380e-01
-6.141540489362675714e-01
-6.135262136793322441e-01
-6.141540489362675714e-01
-6.154097194501373380e-01
-6.166653899640071046e-01
-6.191767309917466378e-01
-6.204324015056164043e-01
-6.185488957348121986e-01
-6.198045662486819651e-01
-6.198045662486819651e-01
-6.191767309917466378e-01
-6.166653899640071046e-01
-6.172932252209415438e-01
-6.179210604778768712e-01
-6.172932252209415438e-01
-6.172932252209415438e-01
-6.166653899640071046e-01
-6.141540489362675714e-01
-6.160375547070717772e-01
-6.166653899640071046e-01
-6.147818841932020106e-01
-6.147818841932020106e-01
-6.154097194501373380e-01
-6.179210604778768712e-01
-6.185488957348121986e-01
-6.198045662486819651e-01
-6.216880720194870591e-01
-6.210602367625517317e-01
-6.204324015056164043e-01
-6.204324015056164043e-01
-6.198045662486819651e-01
-6.172932252209415438e-01
-6.160375547070717772e-01
-6.166653899640071046e-01
-6.166653899640071046e-01
-6.166653899640071046e-01
-6.185488957348121986e-01
-6.172932252209415438e-01
-6.185488957348121986e-01
-6.191767309917466378e-01
-6.210602367625517317e-01
-6.185488957348121986e-01
-6.166653899640071046e-01
-6.179210604778768712e-01
-6.185488957348121986e-01
-6.191767309917466378e-01
-6.198045662486819651e-01
-6.204324015056164043e-01
-6.223159072764214983e-01
-6.223159072764214983e-01
-6.210602367625517317e-01
-6.198045662486819651e-01
-6.172932252209415438e-01
-6.185488957348121986e-01
-6.185488957348121986e-01
-6.160375547070717772e-01
-6.166653899640071046e-01
-6.179210604778768712e-01
-6.179210604778768712e-01
-6.191767309917466378e-01
-6.191767309917466378e-01
-6.185488957348121986e-01
-6.198045662486819651e-01
-6.185488957348121986e-01
-6.179210604778768712e-01
-6.204324015056164043e-01
-6.191767309917466378e-01
-6.229437425333568257e-01
-6.210602367625517317e-01
-6.229437425333568257e-01
-6.204324015056164043e-01
-6.191767309917466378e-01
-6.210602367625517317e-01
-6.210602367625517317e-01
-6.204324015056164043e-01
-6.191767309917466378e-01
-6.191767309917466378e-01
-6.191767309917466378e-01
-6.185488957348121986e-01
-6.185488957348121986e-01
-6.179210604778768712e-01
-6.191767309917466378e-01
-6.191767309917466378e-01
-6.198045662486819651e-01
-6.216880720194870591e-01
-6.229437425333568257e-01
-6.223159072764214983e-01
-6.235715777902912649e-01
-6.210602367625517317e-01
-6.210602367625517317e-01
-6.223159072764214983e-01
-6.210602367625517317e-01
-6.216880720194870591e-01
-6.204324015056164043e-01
-6.185488957348121986e-01
-6.198045662486819651e-01
-6.179210604778768712e-01
-6.191767309917466378e-01
-6.198045662486819651e-01
-6.191767309917466378e-01
-6.204324015056164043e-01
-6.204324015056164043e-01
-6.229437425333568257e-01
-6.204324015056164043e-01
-6.216880720194870591e-01
-6.210602367625517317e-01
-6.210602367625517317e-01
-6.248272483041610315e-01
-6.241994130472265923e-01
-6.254550835610963588e-01
-6.235715777902912649e-01
-6.229437425333568257e-01
-6.223159072764214983e-01
-6.204324015056164043e-01
-6.191767309917466378e-01
-6.198045662486819651e-01
-6.210602367625517317e-01
-6.216880720194870591e-01
-6.223159072764214983e-01
-6.235715777902912649e-01
-6.241994130472265923e-01
-6.241994130472265923e-01
-6.248272483041610315e-01
-6.248272483041610315e-01
-6.267107540749661254e-01
-6.235715777902912649e-01
-6.235715777902912649e-01
-6.216880720194870591e-01
-6.210602367625517317e-01
-6.198045662486819651e-01
-6.216880720194870591e-01
-6.216880720194870591e-01
-6.216880720194870591e-01
-6.216880720194870591e-01
-6.235715777902912649e-01
-6.241994130472265923e-01
-6.216880720194870591e-01
-6.241994130472265923e-01
-6.254550835610963588e-01
-6.235715777902912649e-01
-6.241994130472265923e-01
-6.254550835610963588e-01
-6.260829188180316862e-01
-6.254550835610963588e-01
-6.279664245888358920e-01
-6.260829188180316862e-01
-6.235715777902912649e-01
-6.229437425333568257e-01
-6.241994130472265923e-01
-6.229437425333568257e-01
-6.210602367625517317e-01
-6.223159072764214983e-01
-6.229437425333568257e-01
-6.254550835610963588e-01
-6.241994130472265923e-01
-6.248272483041610315e-01
-6.235715777902912649e-01
-6.235715777902912649e-01
-6.235715777902912649e-01
-6.248272483041610315e-01
-6.273385893319014528e-01
-6.267107540749661254e-01
-6.285942598457712194e-01
-6.285942598457712194e-01
-6.267107540749661254e-01
-6.254550835610963588e-01
-6.235715777902912649e-01
-6.235715777902912649e-01
-6.229437425333568257e-01
-6.235715777902912649e-01
-6.235715777902912649e-01
-6.254550835610963588e-01
-6.235715777902912649e-01
-6.254550835610963588e-01
-6.235715777902912649e-01
-6.229437425333568257e-01
-6.241994130472265923e-01
-6.241994130472265923e-01
-6.235715777902912649e-01
-6.260829188180316862e-01
-6.267107540749661254e-01
-6.285942598457712194e-01
-6.285942598457712194e-01
-6.285942598457712194e-01
-6.298499303596409860e-01
-6.267107540749661254e-01
-6.267107540749661254e-01
-6.229437425333568257e-01
-6.235715777902912649e-01
-6.254550835610963588e-01
-6.241994130472265923e-01
-6.241994130472265923e-01
-6.248272483041610315e-01
-6.260829188180316862e-01
-6.248272483041610315e-01
-6.260829188180316862e-01
-6.260829188180316862e-01
-6.254550835610963588e-01
-6.273385893319014528e-01
-6.241994130472265923e-01
-6.273385893319014528e-01
-6.298499303596409860e-01
-6.285942598457712194e-01
-6.298499303596409860e-01
-6.298499303596409860e-01
-6.279664245888358920e-01
-6.260829188180316862e-01
-6.248272483041610315e-01
-6.267107540749661254e-01
-6.248272483041610315e-01
-6.229437425333568257e-01
-6.254550835610963588e-01
-6.248272483041610315e-01
-6.248272483041610315e-01
-6.267107540749661254e-01
-6.267107540749661254e-01
-6.267107540749661254e-01
-6.267107540749661254e-01
-6.267107540749661254e-01
-6.285942598457712194e-01
-6.298499303596409860e-01
-6.292220951027065468e-01
-6.285942598457712194e-01
-6.279664245888358920e-01
-6.285942598457712194e-01
-6.248272483041610315e-01
-6.267107540749661254e-01
-6.260829188180316862e-01
-6.260829188180316862e-01
-6.260829188180316862e-01
-6.248272483041610315e-01
-6.267107540749661254e-01
-6.279664245888358920e-01
-6.260829188180316862e-01
-6.254550835610963588e-01
-6.267107540749661254e-01
-6.235715777902912649e-01
-6.260829188180316862e-01
-6.273385893319014528e-01
-6.298499303596409860e-01
-6.317334361304460799e-01
-6.317334361304460799e-01
-6.292220951027065468e-01
-6.298499303596409860e-01
-6.279664245888358920e-01
-6.273385893319014528e-01
-6.273385893319014528e-01
-6.267107540749661254e-01
-6.273385893319014528e-01
-6.285942598457712194e-01
-6.292220951027065468e-01
-6.279664245888358920e-01
-6.267107540749661254e-01
-6.285942598457712194e-01
-6.273385893319014528e-01
-6.254550835610963588e-01
-6.248272483041610315e-01
-6.260829188180316862e-01
-6.273385893319014528e-01
-6.298499303596409860e-01
-6.304777656165763133e-01
-6.317334361304460799e-01
-6.311056008735107525e-01
-6.317334361304460799e-01
-6.311056008735107525e-01
-6.317334361304460799e-01
-6.311056008735107525e-01
-6.254550835610963588e-01
-6.285942598457712194e-01
-6.260829188180316862e-01
-6.273385893319014528e-01
-6.273385893319014528e-01
-6.279664245888358920e-01
-6.292220951027065468e-01
-6.292220951027065468e-01
-6.292220951027065468e-01
-6.298499303596409860e-01
-6.311056008735107525e-01
-6.317334361304460799e-01
-6.298499303596409860e-01
-6.298499303596409860e-01
-6.336169419012511739e-01
-6.311056008735107525e-01
-6.298499303596409860e-01
-6.292220951027065468e-01
-6.304777656165763133e-01
-6.285942598457712194e-01
-6.298499303596409860e-01
-6.285942598457712194e-01
-6.279664245888358920e-01
-6.298499303596409860e-01
-6.292220951027065468e-01
-6.304777656165763133e-01
-6.292220951027065468e-01
-6.292220951027065468e-01
-6.298499303596409860e-01
-6.285942598457712194e-01
-6.279664245888358920e-01
-6.285942598457712194e-01
-6.317334361304460799e-01
-6.317334361304460799e-01
-6.323612713873805191e-01
-6.336169419012511739e-01
-6.329891066443158465e-01
-6.336169419012511739e-01
-6.317334361304460799e-01
-6.304777656165763133e-01
-6.292220951027065468e-01
-6.304777656165763133e-01
-6.279664245888358920e-01
-6.285942598457712194e-01
-6.285942598457712194e-01
-6.304777656165763133e-01
-6.298499303596409860e-01
-6.298499303596409860e-01
-6.292220951027065468e-01
-6.317334361304460799e-01
-6.298499303596409860e-01
-6.311056008735107525e-01
-6.336169419012511739e-01
-6.342447771581856131e-01
-6.355004476720553797e-01
-6.336169419012511739e-01
-6.342447771581856131e-01
-6.336169419012511739e-01
-6.311056008735107525e-01
-6.311056008735107525e-01
-6.304777656165763133e-01
-6.298499303596409860e-01
-6.285942598457712194e-01
-6.298499303596409860e-01
-6.304777656165763133e-01
-6.285942598457712194e-01
-6.311056008735107525e-01
-6.317334361304460799e-01
-6.311056008735107525e-01
-6.311056008735107525e-01
-6.317334361304460799e-01
-6.329891066443158465e-01
-6.329891066443158465e-01
-6.348726124151209405e-01
-6.348726124151209405e-01
-6.317334361304460799e-01
-6.336169419012511739e-01
-6.304777656165763133e-01
-6.311056008735107525e-01
-6.304777656165763133e-01
-6.298499303596409860e-01
-6.279664245888358920e-01
-6.298499303596409860e-01
-6.304777656165763133e-01
-6.311056008735107525e-01
-6.329891066443158465e-01
-6.342447771581856131e-01
-6.317334361304460799e-01
-6.323612713873805191e-01
-6.317334361304460799e-01
-6.323612713873805191e-01
-6.317334361304460799e-01
-6.323612713873805191e-01
-6.336169419012511739e-01
-6.342447771581856131e-01
-6.361282829289907070e-01
-6.361282829289907070e-01
-6.361282829289907070e-01
-6.329891066443158465e-01
-6.336169419012511739e-01
-6.311056008735107525e-01
-6.317334361304460799e-01
-6.323612713873805191e-01
-6.323612713873805191e-01
-6.317334361304460799e-01
-6.311056008735107525e-01
-6.336169419012511739e-01
-6.311056008735107525e-01
-6.311056008735107525e-01
-6.311056008735107525e-01
-6.317334361304460799e-01
-6.342447771581856131e-01
-6.355004476720553797e-01
-6.361282829289907070e-01
-6.386396239567302402e-01
-6.373839534428604736e-01
-6.380117886997958010e-01
-6.348726124151209405e-01
-6.361282829289907070e-01
-6.329891066443158465e-01
-6.323612713873805191e-01
-6.323612713873805191e-01
-6.304777656165763133e-01
-6.311056008735107525e-01
-6.323612713873805191e-01
-6.329891066443158465e-01
-6.348726124151209405e-01
-6.348726124151209405e-01
-6.336169419012511739e-01
-6.323612713873805191e-01
-6.317334361304460799e-01
-6.336169419012511739e-01
-6.336169419012511739e-01
-6.355004476720553797e-01
-6.367561181859260344e-01
-6.361282829289907070e-01
-6.373839534428604736e-01
-6.380117886997958010e-01
-6.367561181859260344e-01
-6.323612713873805191e-01
-6.311056008735107525e-01
-6.329891066443158465e-01
-6.342447771581856131e-01
-6.336169419012511739e-01
-6.336169419012511739e-01
-6.342447771581856131e-01
-6.342447771581856131e-01
-6.336169419012511739e-01
-6.355004476720553797e-01
-6.329891066443158465e-01
-6.323612713873805191e-01
-6.355004476720553797e-01
-6.348726124151209405e-01
-6.380117886997958010e-01
-6.392674592136655676e-01
-6.380117886997958010e-01
-6.355004476720553797e-01
-6.373839534428604736e-01
-6.336169419012511739e-01
-6.367561181859260344e-01
-6.336169419012511739e-01
-6.342447771581856131e-01
-6.348726124151209405e-01
-6.323612713873805191e-01
-6.329891066443158465e-01
-6.342447771581856131e-01
-6.329891066443158465e-01
-6.342447771581856131e-01
-6.355004476720553797e-01
-6.329891066443158465e-01
-6.348726124151209405e-01
-6.380117886997958010e-01
-6.367561181859260344e-01
-6.373839534428604736e-01
-6.361282829289907070e-01
-6.373839534428604736e-01
-6.386396239567302402e-01
-6.380117886997958010e-01
-6.386396239567302402e-01
-6.348726124151209405e-01
-6.348726124151209405e-01
-6.329891066443158465e-01
-6.355004476720553797e-01
-6.361282829289907070e-01
-6.348726124151209405e-01
-6.348726124151209405e-01
-6.361282829289907070e-01
-6.361282829289907070e-01
-6.336169419012511739e-01
-6.380117886997958010e-01
-6.367561181859260344e-01
-6.367561181859260344e-01
-6.361282829289907070e-01
-6.380117886997958010e-01
-6.398952944706000068e-01
-6.386396239567302402e-01
-6.386396239567302402e-01
-6.367561181859260344e-01
-6.373839534428604736e-01
-6.386396239567302402e-01
-6.380117886997958010e-01
-6.355004476720553797e-01
-6.361282829289907070e-01
-6.342447771581856131e-01
-6.342447771581856131e-01
-6.348726124151209405e-01
-6.355004476720553797e-01
-6.373839534428604736e-01
-6.380117886997958010e-01
-6.355004476720553797e-01
-6.361282829289907070e-01
-6.380117886997958010e-01
-6.380117886997958010e-01
-6.386396239567302402e-01
-6.386396239567302402e-01
-6.392674592136655676e-01
-6.398952944706000068e-01
-6.392674592136655676e-01
-6.386396239567302402e-01
-6.367561181859260344e-01
-6.361282829289907070e-01
-6.355004476720553797e-01
-6.348726124151209405e-01
-6.361282829289907070e-01
-6.367561181859260344e-01
-6.355004476720553797e-01
-6.392674592136655676e-01
-6.380117886997958010e-01
-6.367561181859260344e-01
-6.373839534428604736e-01
-6.361282829289907070e-01
-6.361282829289907070e-01
-6.398952944706000068e-01
-6.386396239567302402e-01
-6.417788002414051007e-01
-6.411509649844706615e-01
-6.392674592136655676e-01
-6.392674592136655676e-01
-6.361282829289907070e-01
-6.355004476720553797e-01
-6.373839534428604736e-01
-6.373839534428604736e-01
-6.398952944706000068e-01
-6.386396239567302402e-01
-6.367561181859260344e-01
-6.373839534428604736e-01
-6.367561181859260344e-01
-6.361282829289907070e-01
-6.380117886997958010e-01
-6.380117886997958010e-01
-6.392674592136655676e-01
-6.411509649844706615e-01
-6.411509649844706615e-01
-6.405231297275353342e-01
-6.411509649844706615e-01
-6.398952944706000068e-01
-6.411509649844706615e-01
-6.411509649844706615e-01
-6.398952944706000068e-01
-6.405231297275353342e-01
-6.386396239567302402e-01
-6.392674592136655676e-01
-6.380117886997958010e-01
-6.367561181859260344e-01
-6.398952944706000068e-01
-6.373839534428604736e-01
-6.386396239567302402e-01
-6.386396239567302402e-01
-6.386396239567302402e-01
-6.380117886997958010e-01
-6.373839534428604736e-01
-6.367561181859260344e-01
-6.386396239567302402e-01
-6.424066354983404281e-01
-6.424066354983404281e-01
-6.430344707552748673e-01
-6.436623060122101947e-01
-6.436623060122101947e-01
-6.398952944706000068e-01
-6.392674592136655676e-01
-6.361282829289907070e-01
-6.386396239567302402e-01
-6.380117886997958010e-01
-6.386396239567302402e-01
-6.392674592136655676e-01
-6.411509649844706615e-01
-6.405231297275353342e-01
-6.398952944706000068e-01
-6.392674592136655676e-01
-6.380117886997958010e-01
-6.386396239567302402e-01
-6.398952944706000068e-01
-6.411509649844706615e-01
-6.417788002414051007e-01
-6.430344707552748673e-01
-6.442901412691446339e-01
-6.417788002414051007e-01
-6.430344707552748673e-01
-6.411509649844706615e-01
-6.386396239567302402e-01
-6.386396239567302402e-01
-6.411509649844706615e-01
-6.405231297275353342e-01
-6.405231297275353342e-01
-6.411509649844706615e-01
-6.392674592136655676e-01
-6.398952944706000068e-01
-6.386396239567302402e-01
-6.386396239567302402e-01
-6.411509649844706615e-01
-6.411509649844706615e-01
-6.424066354983404281e-01
-6.442901412691446339e-01
-6.436623060122101947e-01
-6.430344707552748673e-01
-6.436623060122101947e-01
-6.430344707552748673e-01
-6.417788002414051007e-01
-6.411509649844706615e-01
-6.424066354983404281e-01
-6.417788002414051007e-01
-6.424066354983404281e-01
-6.398952944706000068e-01
-6.411509649844706615e-01
-6.392674592136655676e-01
-6.386396239567302402e-01
-6.398952944706000068e-01
-6.405231297275353342e-01
-6.417788002414051007e-01
-6.424066354983404281e-01
-6.430344707552748673e-01
-6.424066354983404281e-01
-6.442901412691446339e-01
-6.442901412691446339e-01
-6.430344707552748673e-01
-6.436623060122101947e-01
-6.442901412691446339e-01
-6.424066354983404281e-01
-6.430344707552748673e-01
-6.436623060122101947e-01
-6.430344707552748673e-01
-6.424066354983404281e-01
-6.417788002414051007e-01
-6.411509649844706615e-01
-6.411509649844706615e-01
-6.405231297275353342e-01
-6.424066354983404281e-01
-6.417788002414051007e-01
-6.430344707552748673e-01
-6.430344707552748673e-01
-6.436623060122101947e-01
-6.424066354983404281e-01
-6.449179765260799613e-01
-6.436623060122101947e-01
-6.436623060122101947e-01
-6.461736470399497279e-01
-6.455458117830152887e-01
-6.461736470399497279e-01
-6.449179765260799613e-01
-6.442901412691446339e-01
-6.417788002414051007e-01
-6.430344707552748673e-01
-6.411509649844706615e-01
-6.417788002414051007e-01
-6.411509649844706615e-01
-6.424066354983404281e-01
-6.430344707552748673e-01
-6.442901412691446339e-01
-6.430344707552748673e-01
-6.424066354983404281e-01
-6.417788002414051007e-01
-6.442901412691446339e-01
-6.461736470399497279e-01
-6.468014822968850552e-01
-6.474293175538194944e-01
-6.480571528107548218e-01
-6.455458117830152887e-01
-6.449179765260799613e-01
-6.430344707552748673e-01
-6.430344707552748673e-01
-6.430344707552748673e-01
-6.430344707552748673e-01
-6.430344707552748673e-01
-6.430344707552748673e-01
-6.442901412691446339e-01
-6.424066354983404281e-01
-6.430344707552748673e-01
-6.430344707552748673e-01
-6.411509649844706615e-01
-6.430344707552748673e-01
-6.455458117830152887e-01
-6.449179765260799613e-01
-6.468014822968850552e-01
-6.480571528107548218e-01
-6.455458117830152887e-01
-6.474293175538194944e-01
-6.455458117830152887e-01
-6.449179765260799613e-01
-6.436623060122101947e-01
-6.442901412691446339e-01
-6.436623060122101947e-01
-6.455458117830152887e-01
-6.449179765260799613e-01
-6.442901412691446339e-01
-6.424066354983404281e-01
-6.436623060122101947e-01
-6.430344707552748673e-01
-6.417788002414051007e-01
-6.442901412691446339e-01
-6.442901412691446339e-01
-6.461736470399497279e-01
-6.480571528107548218e-01
-6.486849880676901492e-01
-6.486849880676901492e-01
-6.480571528107548218e-01
-6.486849880676901492e-01
-6.468014822968850552e-01
-6.455458117830152887e-01
-6.455458117830152887e-01
-6.436623060122101947e-01
-6.436623060122101947e-01
-6.442901412691446339e-01
-6.455458117830152887e-01
-6.449179765260799613e-01
-6.461736470399497279e-01
-6.461736470399497279e-01
-6.442901412691446339e-01
-6.442901412691446339e-01
-6.442901412691446339e-01
-6.442901412691446339e-01
-6.442901412691446339e-01
-6.461736470399497279e-01
-6.455458117830152887e-01
-6.486849880676901492e-01
-6.474293175538194944e-01
-6.480571528107548218e-01
-6.468014822968850552e-01
-6.486849880676901492e-01
-6.480571528107548218e-01
-6.461736470399497279e-01
-6.442901412691446339e-01
-6.455458117830152887e-01
-6.455458117830152887e-01
-6.442901412691446339e-01
-6.436623060122101947e-01
-6.449179765260799613e-01
-6.461736470399497279e-01
-6.455458117830152887e-01
-6.455458117830152887e-01
-6.480571528107548218e-01
-6.480571528107548218e-01
-6.474293175538194944e-01
-6.486849880676901492e-01
-6.486849880676901492e-01
-6.486849880676901492e-01
-6.474293175538194944e-01
-6.480571528107548218e-01
-6.486849880676901492e-01
-6.468014822968850552e-01
-6.486849880676901492e-01
-6.468014822968850552e-01
-6.461736470399497279e-01
-6.455458117830152887e-01
-6.455458117830152887e-01
-6.449179765260799613e-01
-6.468014822968850552e-01
-6.455458117830152887e-01
-6.468014822968850552e-01
-6.449179765260799613e-01
-6.474293175538194944e-01
-6.468014822968850552e-01
-6.486849880676901492e-01
-6.480571528107548218e-01
-6.511963290954296824e-01
-6.493128233246245884e-01
-6.505684938384943550e-01
-6.511963290954296824e-01
-6.499406585815599158e-01
-6.486849880676901492e-01
-6.474293175538194944e-01
-6.455458117830152887e-01
-6.449179765260799613e-01
-6.486849880676901492e-01
-6.474293175538194944e-01
-6.480571528107548218e-01
-6.480571528107548218e-01
-6.474293175538194944e-01
-6.468014822968850552e-01
-6.468014822968850552e-01
-6.449179765260799613e-01
-6.486849880676901492e-01
-6.486849880676901492e-01
-6.511963290954296824e-01
-6.518241643523641216e-01
-6.518241643523641216e-01
-6.518241643523641216e-01
-6.499406585815599158e-01
-6.486849880676901492e-01
-6.486849880676901492e-01
-6.480571528107548218e-01
-6.493128233246245884e-01
-6.468014822968850552e-01
-6.480571528107548218e-01
-6.474293175538194944e-01
-6.480571528107548218e-01
-6.468014822968850552e-01
-6.474293175538194944e-01
-6.461736470399497279e-01
-6.474293175538194944e-01
-6.486849880676901492e-01
-6.505684938384943550e-01
-6.505684938384943550e-01
-6.499406585815599158e-01
-6.518241643523641216e-01
-6.493128233246245884e-01
-6.505684938384943550e-01
-6.518241643523641216e-01
-6.505684938384943550e-01
-6.511963290954296824e-01
-6.499406585815599158e-01
-6.480571528107548218e-01
-6.480571528107548218e-01
-6.480571528107548218e-01
-6.474293175538194944e-01
-6.493128233246245884e-01
-6.499406585815599158e-01
-6.505684938384943550e-01
-6.511963290954296824e-01
-6.511963290954296824e-01
-6.505684938384943550e-01
-6.499406585815599158e-01
-6.511963290954296824e-01
-6.511963290954296824e-01
-6.511963290954296824e-01
-6.518241643523641216e-01
-6.537076701231692155e-01
-6.524519996092994489e-01
-6.511963290954296824e-01
-6.518241643523641216e-01
-6.486849880676901492e-01
-6.486849880676901492e-01
-6.493128233246245884e-01
-6.486849880676901492e-01
-6.486849880676901492e-01
-6.480571528107548218e-01
-6.486849880676901492e-01
-6.486849880676901492e-01
-6.493128233246245884e-01
-6.518241643523641216e-01
-6.499406585815599158e-01
-6.493128233246245884e-01
-6.524519996092994489e-01
-6.543355053801045429e-01
-6.524519996092994489e-01
-6.505684938384943550e-01
-6.530798348662347763e-01
-6.524519996092994489e-01
-6.530798348662347763e-01
-6.511963290954296824e-01
-6.518241643523641216e-01
-6.505684938384943550e-01
-6.493128233246245884e-01
-6.499406585815599158e-01
-6.493128233246245884e-01
-6.486849880676901492e-01
-6.480571528107548218e-01
-6.493128233246245884e-01
-6.511963290954296824e-01
-6.505684938384943550e-01
-6.499406585815599158e-01
-6.530798348662347763e-01
-6.537076701231692155e-01
-6.524519996092994489e-01
-6.543355053801045429e-01
-6.543355053801045429e-01
-6.530798348662347763e-01
-6.524519996092994489e-01
-6.518241643523641216e-01
-6.511963290954296824e-01
-6.511963290954296824e-01
-6.518241643523641216e-01
-6.524519996092994489e-01
-6.499406585815599158e-01
-6.499406585815599158e-01
-6.486849880676901492e-01
-6.486849880676901492e-01
-6.511963290954296824e-01
-6.524519996092994489e-01
-6.511963290954296824e-01
-6.518241643523641216e-01
-6.543355053801045429e-01
-6.537076701231692155e-01
-6.543355053801045429e-01
-6.549633406370389821e-01
-6.537076701231692155e-01
-6.524519996092994489e-01
-6.555911758939743095e-01
-6.537076701231692155e-01
-6.543355053801045429e-01
-6.524519996092994489e-01
-6.530798348662347763e-01
-6.505684938384943550e-01
-6.505684938384943550e-01
-6.511963290954296824e-01
-6.486849880676901492e-01
-6.530798348662347763e-01
-6.518241643523641216e-01
-6.511963290954296824e-01
-6.518241643523641216e-01
-6.530798348662347763e-01
-6.537076701231692155e-01
-6.562190111509096369e-01
-6.568468464078440761e-01
-6.549633406370389821e-01
-6.543355053801045429e-01
-6.549633406370389821e-01
-6.555911758939743095e-01
-6.530798348662347763e-01
-6.530798348662347763e-01
-6.524519996092994489e-01
-6.530798348662347763e-01
-6.537076701231692155e-01
-6.537076701231692155e-01
-6.530798348662347763e-01
-6.511963290954296824e-01
-6.518241643523641216e-01
-6.511963290954296824e-01
-6.511963290954296824e-01
-6.530798348662347763e-01
-6.524519996092994489e-01
-6.543355053801045429e-01
-6.568468464078440761e-01
-6.574746816647794034e-01
-6.568468464078440761e-01
-6.555911758939743095e-01
-6.568468464078440761e-01
-6.562190111509096369e-01
-6.555911758939743095e-01
-6.543355053801045429e-01
-6.574746816647794034e-01
-6.568468464078440761e-01
-6.555911758939743095e-01
-6.524519996092994489e-01
-6.537076701231692155e-01
-6.537076701231692155e-01
-6.537076701231692155e-01
-6.537076701231692155e-01
-6.549633406370389821e-01
-6.562190111509096369e-01
-6.555911758939743095e-01
-6.555911758939743095e-01
-6.555911758939743095e-01
-6.574746816647794034e-01
-6.555911758939743095e-01
-6.562190111509096369e-01
-6.581025169217138426e-01
-6.574746816647794034e-01
-6.562190111509096369e-01
-6.555911758939743095e-01
-6.555911758939743095e-01
-6.537076701231692155e-01
-6.537076701231692155e-01
-6.549633406370389821e-01
-6.549633406370389821e-01
-6.537076701231692155e-01
-6.530798348662347763e-01
-6.549633406370389821e-01
-6.530798348662347763e-01
-6.555911758939743095e-01
-6.555911758939743095e-01
-6.568468464078440761e-01
-6.587303521786491700e-01
-6.581025169217138426e-01
-6.574746816647794034e-01
-6.606138579494542640e-01
-6.562190111509096369e-01
-6.581025169217138426e-01
-6.562190111509096369e-01
-6.562190111509096369e-01
-6.543355053801045429e-01
-6.543355053801045429e-01
-6.549633406370389821e-01
-6.549633406370389821e-01
-6.549633406370389821e-01
-6.543355053801045429e-01
-6.555911758939743095e-01
-6.581025169217138426e-01
-6.568468464078440761e-01
-6.562190111509096369e-01
-6.562190111509096369e-01
-6.581025169217138426e-01
-6.568468464078440761e-01
-6.568468464078440761e-01
-6.581025169217138426e-01
-6.581025169217138426e-01
-6.562190111509096369e-01
-6.587303521786491700e-01
-6.568468464078440761e-01
-6.562190111509096369e-01
-6.568468464078440761e-01
-6.562190111509096369e-01
-6.568468464078440761e-01
-6.587303521786491700e-01
-6.568468464078440761e-01
-6.555911758939743095e-01
-6.549633406370389821e-01
-6.543355053801045429e-01
-6.530798348662347763e-01
-6.555911758939743095e-01
-6.562190111509096369e-01
-6.581025169217138426e-01
-6.574746816647794034e-01
-6.587303521786491700e-01
-6.587303521786491700e-01
-6.587303521786491700e-01
-6.612416932063887032e-01
-6.593581874355836092e-01
-6.581025169217138426e-01
-6.587303521786491700e-01
-6.562190111509096369e-01
-6.587303521786491700e-01
-6.587303521786491700e-01
-6.562190111509096369e-01
-6.562190111509096369e-01
-6.587303521786491700e-01
-6.574746816647794034e-01
-6.568468464078440761e-01
-6.555911758939743095e-01
-6.568468464078440761e-01
-6.574746816647794034e-01
-6.593581874355836092e-01
-6.587303521786491700e-01
-6.599860226925189366e-01
-6.612416932063887032e-01
-6.612416932063887032e-01
-6.612416932063887032e-01
-6.587303521786491700e-01
-6.587303521786491700e-01
-6.568468464078440761e-01
-6.568468464078440761e-01
-6.562190111509096369e-01
-6.593581874355836092e-01
-6.587303521786491700e-01
-6.587303521786491700e-01
-6.587303521786491700e-01
-6.574746816647794034e-01
-6.562190111509096369e-01
-6.581025169217138426e-01
-6.562190111509096369e-01
-6.562190111509096369e-01
-6.587303521786491700e-01
-6.581025169217138426e-01
-6.599860226925189366e-01
-6.612416932063887032e-01
-6.624973637202584698e-01
-6.612416932063887032e-01
-6.637530342341291245e-01
-6.606138579494542640e-01
-6.599860226925189366e-01
-6.587303521786491700e-01
-6.581025169217138426e-01
-6.555911758939743095e-01
-6.581025169217138426e-01
-6.587303521786491700e-01
-6.568468464078440761e-01
-6.587303521786491700e-01
-6.581025169217138426e-01
-6.593581874355836092e-01
-6.599860226925189366e-01
-6.593581874355836092e-01
-6.593581874355836092e-01
-6.606138579494542640e-01
-6.606138579494542640e-01
-6.599860226925189366e-01
-6.637530342341291245e-01
-6.618695284633240306e-01
-6.612416932063887032e-01
-6.612416932063887032e-01
-6.612416932063887032e-01
-6.581025169217138426e-01
-6.593581874355836092e-01
-6.568468464078440761e-01
-6.574746816647794034e-01
-6.593581874355836092e-01
-6.593581874355836092e-01
-6.574746816647794034e-01
-6.599860226925189366e-01
-6.612416932063887032e-01
-6.612416932063887032e-01
-6.606138579494542640e-01
-6.599860226925189366e-01
-6.612416932063887032e-01
-6.606138579494542640e-01
-6.618695284633240306e-01
-6.631251989771937971e-01
-6.637530342341291245e-01
-6.618695284633240306e-01
-6.631251989771937971e-01
-6.612416932063887032e-01
-6.599860226925189366e-01
-6.593581874355836092e-01
-6.599860226925189366e-01
-6.606138579494542640e-01
-6.587303521786491700e-01
-6.574746816647794034e-01
-6.581025169217138426e-01
-6.599860226925189366e-01
-6.593581874355836092e-01
-6.599860226925189366e-01
-6.606138579494542640e-01
-6.631251989771937971e-01
-6.637530342341291245e-01
-6.637530342341291245e-01
-6.643808694910635637e-01
-6.631251989771937971e-01
-6.656365400049333303e-01
-6.631251989771937971e-01
-6.624973637202584698e-01
-6.612416932063887032e-01
-6.599860226925189366e-01
-6.581025169217138426e-01
-6.606138579494542640e-01
-6.618695284633240306e-01
-6.637530342341291245e-01
-6.618695284633240306e-01
-6.618695284633240306e-01
-6.593581874355836092e-01
-6.612416932063887032e-01
-6.606138579494542640e-01
-6.624973637202584698e-01
-6.606138579494542640e-01
-6.637530342341291245e-01
-6.662643752618686577e-01
-6.643808694910635637e-01
-6.650087047479988911e-01
-6.656365400049333303e-01
-6.650087047479988911e-01
-6.650087047479988911e-01
-6.624973637202584698e-01
-6.618695284633240306e-01
-6.618695284633240306e-01
-6.618695284633240306e-01
-6.612416932063887032e-01
-6.618695284633240306e-01
-6.606138579494542640e-01
-6.612416932063887032e-01
-6.618695284633240306e-01
-6.637530342341291245e-01
-6.624973637202584698e-01
-6.631251989771937971e-01
